0.3
0.285
0.27
0.155
0.255
0.19
0.285
0.355
0.22
0.39
0.365
0.23
0.265
0.215
0.275
0.38
0.375
0.165
0.45
0.43
0.175
0.365
0.295
0.255
0.245
0.25
0.18
0.16
0.395
0.255
0.295
0.445
0.345
0.38
0.395
0.33
0.375
0.22
0.24
0.25
0.21
0.34
0.285
0.205
0.44
0.2
0.385
0.43
0.435
0.345
0.345
0.445
0.22
0.44
0.4
0.185
0.425
0.19
0.355
0.34
0.32
0.425
0.37
0.245
0.17
0.32
0.245
0.32
0.435
0.165
0.25
0.38
0.23
0.23
0.305
0.345
0.305
0.405
0.24
0.21
0.235
0.37
0.355
0.26
0.17
0.445
0.295
0.27
0.285
0.33
0.21
0.32
0.185
0.23
0.22
0.255
0.45
0.41
0.4
0.155
0.41
0.42
0.285
0.44
0.27
0.265
0.26
0.295
0.16
0.38
0.38
0.16
0.235
0.175
0.27
0.32
0.39
0.385
0.315
0.28
0.235
0.23
0.21
0.255
0.31
0.295
0.315
0.355
0.37
0.39
0.395
0.285
0.305
0.2
0.34
0.165
0.29
0.155
0.205
0.275
0.405
0.28
0.39
0.395
0.26
0.225
0.335
0.42
0.445
0.42
