0 0 0 0
2.2 2.2 2.2 2.2
0.65 0.65 0.65 0.65
2.35 2.35 2.35 2.35
2.4 2.4 2.4 2.4
1.25 1.25 1.25 1.25
1.9 1.9 1.9 1.9
0.65 0.65 0.65 0.65
2 2 2 2
0.45 0.45 0.45 0.45
2.4 2.4 2.4 2.4
1.05 1.05 1.05 1.05
1.65 1.65 1.65 1.65
0.95 0.95 0.95 0.95
0.95 0.95 0.95 0.95
1.35 1.35 1.35 1.35
1.7 1.7 1.7 1.7
0.05 0.05 0.05 0.05
1.35 1.35 1.35 1.35
1.25 1.25 1.25 1.25
1.45 1.45 1.45 1.45
0.2 0.2 0.2 0.2
2.25 2.25 2.25 2.25
1 1 1 1
1.5 1.5 1.5 1.5
1.75 1.75 1.75 1.75
1.95 1.95 1.95 1.95
1.5 1.5 1.5 1.5
2.15 2.15 2.15 2.15
0.75 0.75 0.75 0.75
0.45 0.45 0.45 0.45
1.7 1.7 1.7 1.7
0.95 0.95 0.95 0.95
1.2 1.2 1.2 1.2
0.6 0.6 0.6 0.6
2 2 2 2
1.9 1.9 1.9 1.9
2.15 2.15 2.15 2.15
0.85 0.85 0.85 0.85
0.9 0.9 0.9 0.9
2 2 2 2
1.3 1.3 1.3 1.3
2.15 2.15 2.15 2.15
1.6 1.6 1.6 1.6
1.6 1.6 1.6 1.6
1.75 1.75 1.75 1.75
1.45 1.45 1.45 1.45
2.5 2.5 2.5 2.5
1.05 1.05 1.05 1.05
1.6 1.6 1.6 1.6
2.4 2.4 2.4 2.4
2.35 2.35 2.35 2.35
1.8 1.8 1.8 1.8
1.2 1.2 1.2 1.2
2 2 2 2
2.3 2.3 2.3 2.3
0.25 0.25 0.25 0.25
1.45 1.45 1.45 1.45
1.4 1.4 1.4 1.4
1.25 1.25 1.25 1.25
0.75 0.75 0.75 0.75
1.3 1.3 1.3 1.3
1.7 1.7 1.7 1.7
0.65 0.65 0.65 0.65
0.25 0.25 0.25 0.25
0.5 0.5 0.5 0.5
2.1 2.1 2.1 2.1
1.35 1.35 1.35 1.35
0 0 0 0
1.75 1.75 1.75 1.75
0.35 0.35 0.35 0.35
0.6 0.6 0.6 0.6
2.35 2.35 2.35 2.35
1.45 1.45 1.45 1.45
2 2 2 2
0.75 0.75 0.75 0.75
1.9 1.9 1.9 1.9
0.25 0.25 0.25 0.25
2.05 2.05 2.05 2.05
0.55 0.55 0.55 0.55
1.85 1.85 1.85 1.85
1.45 1.45 1.45 1.45
0.8 0.8 0.8 0.8
2.05 2.05 2.05 2.05
1.65 1.65 1.65 1.65
2.45 2.45 2.45 2.45
1.2 1.2 1.2 1.2
0.5 0.5 0.5 0.5
2.45 2.45 2.45 2.45
2.3 2.3 2.3 2.3
0.5 0.5 0.5 0.5
1.2 1.2 1.2 1.2
0.7 0.7 0.7 0.7
1.4 1.4 1.4 1.4
0 0 0 0
0.8 0.8 0.8 0.8
0.8 0.8 0.8 0.8
1.05 1.05 1.05 1.05
1.05 1.05 1.05 1.05
1.1 1.1 1.1 1.1
0.05 0.05 0.05 0.05
0.2 0.2 0.2 0.2
0.6 0.6 0.6 0.6
0.05 0.05 0.05 0.05
1.95 1.95 1.95 1.95
1.3 1.3 1.3 1.3
2.4 2.4 2.4 2.4
0.85 0.85 0.85 0.85
2.5 2.5 2.5 2.5
2.3 2.3 2.3 2.3
2.4 2.4 2.4 2.4
0.95 0.95 0.95 0.95
2.3 2.3 2.3 2.3
0.3 0.3 0.3 0.3
1.4 1.4 1.4 1.4
0.25 0.25 0.25 0.25
0.65 0.65 0.65 0.65
2.45 2.45 2.45 2.45
1.9 1.9 1.9 1.9
0 0 0 0
2.4 2.4 2.4 2.4
1.6 1.6 1.6 1.6
2.15 2.15 2.15 2.15
0.6 0.6 0.6 0.6
1.6 1.6 1.6 1.6
2.2 2.2 2.2 2.2
2.15 2.15 2.15 2.15
1 1 1 1
2.5 2.5 2.5 2.5
2.3 2.3 2.3 2.3
0.65 0.65 0.65 0.65
0.5 0.5 0.5 0.5
2.35 2.35 2.35 2.35
0.2 0.2 0.2 0.2
1 1 1 1
0.35 0.35 0.35 0.35
1.75 1.75 1.75 1.75
1.95 1.95 1.95 1.95
2.35 2.35 2.35 2.35
1.3 1.3 1.3 1.3
0.5 0.5 0.5 0.5
2.35 2.35 2.35 2.35
2.05 2.05 2.05 2.05
0.1 0.1 0.1 0.1
1.35 1.35 1.35 1.35
0.05 0.05 0.05 0.05
0.4 0.4 0.4 0.4
1.05 1.05 1.05 1.05
2.5 2.5 2.5 2.5
2.45 2.45 2.45 2.45
